mm nomm 132 mun. 188

6666616616 (807) 124. 55. 68, 6166166688. 42. 76. 78,
6666166166 6. Constantinopolin. 614868616674886166661161
666116661666366 814.’ὲ86,116661616688.40.66,
06111616 (0716111686) 18.80,066·111,166661661616161(,1161613166·
1111610.616161861611,166161ο198,’66·
666666666 6636661. 3661116866 661666161 6163666
66,,61166. 111116. 61 ,16616661 16361616111661666·
06666 61111111. 76. 1661’118.118,161,1. 6166366161
0616116 (063116606111161 148 118, 118. 140, imp. 61 61611661
061661661161.168,0616616661661 186;66111666116,).186.186.140,
,1161111616 (66161166) 168. 168. 6 6163666 61 ,116666866116116111
0616666666 0616666666. rumim .140], 11611661
61616116(61616,)[[16)16.11.6111111116 ,11666,616161,
6.,.1161111111111111.16.11. 1116111111111111,
68.119.164178,1111680-88111111610616166816611161,
40.41.68,68.110,61611616178 Η1666616668163ο, 1111661 ·81·
[066661166116666666611 6611161 (748 6616, 1116661166 ·
8,11116186111666163166[ 0616161 filius 6616111 omli
0616611666 616161 1166166 (741- [1811) 66. 68. (76.) 84,
747) 8-7· 6161166666 .st 764) 106.119.180.186.186,Κ61166
111-16111111. 11111111,11,(11.11.)61.161.111,1111
81116,161611811116616.116100,61166111611166694,1116161
061666666181618166161 1631618 6616 186,1161161181,1111111,
-16, rex (788- 771) βψω· 81661666, 8166661661, {3⁰3
88,1161166, 0116166, ,1,116111, 6616166· 811616, Hmod
18311118 333 1., 0881688881Ἥ
666116611686116661( 11166).
0616661616(811666111)119.061116631166(8)11116 60,
0616166 [6161161161 166161 (161666 0666166116161.
714 -741)8, 11168, 111111 0616166661 (011616668οό66) 6111
Μὲοέυιὲιιῃὶζὴῦἒιίω, 81116, 831ῗώ Ἡόὤο, 19, 0661166188,
6116111,1111111,11116111 811116 816066616366 111166 Thmouis, Abo-
1116661688, 118811ηπ 166616 ¹33.
1166611161 (801-814)[881118 168. 181Ἒ6636 188,
140.1483 061616118 1 18. 0666616361 161 11161616 (888)
..86 88. 40. 100, 1161611 8116361166.
..64 66. 0616161116(06,111616616)166616180,
0. 78, 74. ,1116166166 866161.
,84,88.0611161166186616,16’11661666186160,
..88 81, 111111116666,’8616116661.·
..11611 “3333220 3333
.40. 48. 44 0661666686161661666666861611)
,66. 68 60. 166. (866) 168
27 78. 74, 76. 0611111616 (0611111116) 178.

’78, 808884 80,..84100108, 61163666.

161 benignissimus 283 616111611- chilianum, 6611611116, 1618111111-
1166111166 68 80, gloriosus 28. 22. burg 84, 6,)1611 1111166166 86.
848840. 54 68646670 6161611666 111166 96, multitudo 48,
74. 76. 78, gloriosissimus 84,161131,641 6661666188, 40, 47,
1116311111[86.]84. 6064, 6068. christianitas 48.96,611111116116111

 

